Nodes:
  NodesWTL: 0.0
  NodesVPR: 1.0
  NodesATL: 25.0
  NodesBLTR: 0.0
  NodesDTL: 4.0
  NodesCTL: 0.0
  NodesACC: 0.8620689511299133
Edges:
  EdgesCTL: 2.0
  EdgesACC: 0.75
  EdgesATL: 18.0
  NodesVPR: 0.75
  EdgesDTL: 0.0
  EdgesWTL: 4.0
  EdgesBLTR: 0.1666666716337204
OverAll:
  OverallACC: 0.8060344457626343
  OverallBLTR: 0.0833333358168602
  OverallVPR: 0.875
